in,out,all,time
2149 444 2593 5.193
664 363 1027 0.555
547 455 1002 5.429
594 388 982 3.680
442 434 876 3.763
2041 522 2563 5.867
908 451 1359 4.009
923 506 1429 5.193
1043 547 1590 5.191
2804 493 3297 6.291
580 450 1030 4.855
4622 481 5103 6.039
6690 412 7102 4.407
1403 390 1793 3.468
2467 431 2898 4.307
3413 408 3821 3.821
417 378 795 3.781
959 461 1420 4.897
4780 371 5151 3.636
3762 374 4136 3.657
529 339 868 3.678
2197 526 2723 6.533
1744 416 2160 4.483
441 383 824 3.663
717 482 1199 4.688
2182 597 2779 7.315
4436 589 5025 5.263
1106 392 1498 3.572
6734 535 7269 5.663
6720 443 7163 4.271
6815 403 7218 4.025
495 389 884 4.106
3892 387 4279 5.416
4943 559 5502 7.873
5140 352 5492 3.348
2048 442 2490 4.247
472 370 842 3.798
28755 415 29170 6.567
6732 378 7110 4.013
7255 437 7692 4.497
4104 376 4480 3.609
6708 554 7262 5.693
6748 452 7200 4.567
411 338 749 3.357
3540 440 3980 4.451
3691 424 4115 4.263
404 461 865 5.137
457 521 978 15.908
526 519 1045 5.888
957 376 1333 4.454
9382 489 9871 5.077
9809 441 10250 4.875
9846 526 10372 7.333
12038 541 12579 6.579
12639 462 13101 4.999
7034 401 7435 4.531
7294 449 7743 4.641
435 485 920 4.926
6907 456 7363 5.521
6720 384 7104 3.865
6810 390 7200 5.734
7076 464 7540 6.520
18684 517 19201 9.141
6992 517 7509 5.372
7706 452 8158 6.621
33395 434 33829 6.808
34163 459 34622 5.567
11520 523 12043 5.999
1188 365 1553 3.761
404 425 829 3.891
484 363 847 3.968
521 472 993 4.593
1325 477 1802 5.552
6702 400 7102 4.192
8122 509 8631 4.792
590 415 1005 4.121
1259 414 1673 4.830
6961 582 7543 7.474
6722 405 7127 4.902
7142 451 7593 6.339
6806 513 7319 5.100
6886 578 7464 8.100
474 406 880 4.345
399 531 930 5.911
493 329 822 3.495
2289 409 2698 4.740
522 355 877 3.369
6687 423 7110 5.850
6748 527 7275 9.117
7161 473 7634 4.821
6827 466 7293 4.386
425 450 875 4.417
483 430 913 3.667
13133 401 13534 4.512
6720 393 7113 4.633
6750 450 7200 4.277
6720 529 7249 6.823
6776 507 7283 5.751
7036 483 7519 5.412
7141 366 7507 4.342
399 423 822 4.862
7145 609 7754 7.620
7161 488 7649 6.612
7180 465 7645 4.626
7335 449 7784 5.336
9487 513 10000 5.807
584 386 970 4.519
1375 390 1765 4.251
7824 556 8380 5.768
399 366 765 3.753
9130 476 9606 6.277
19085 503 19588 9.071
14693 409 15102 4.886
8745 485 9230 5.922
9848 374 10222 5.581
6702 417 7119 5.503
6922 463 7385 5.491
957 419 1376 3.992
411 416 827 4.071
27633 485 28118 7.515
431 533 964 4.667
6720 469 7189 5.537
6921 504 7425 6.590
7741 452 8193 6.209
6984 478 7462 4.827
7201 614 7815 7.006
6732 512 7244 5.023
6944 494 7438 5.606
6702 450 7152 4.623
7416 515 7931 6.780
7139 496 7635 5.318
8655 454 9109 6.360
6937 453 7390 6.512
495 538 1033 4.621
2163 457 2620 4.286
807 489 1296 4.637
718 391 1109 4.063
699 438 1137 3.807
2143 504 2647 4.385
2395 456 2851 4.253
404 464 868 4.455
419 449 868 4.432
2265 423 2688 4.276
21048 378 21426 5.112
6845 490 7335 4.841
6997 455 7452 5.214
7208 372 7580 3.709
6732 459 7191 4.807
6816 486 7302 4.988
3768 572 4340 5.309
6852 536 7388 5.218
1942 463 2405 4.755
1969 498 2467 4.800
455 389 844 4.260
423 496 919 4.865
499 321 820 3.265
6890 534 7424 6.890
7647 494 8141 5.107
6720 405 7125 4.584
405 475 880 4.472
6746 484 7230 6.600
9476 496 9972 4.753
10339 492 10831 4.984
11551 522 12073 10.707
765 448 1213 4.881
750 383 1133 3.955
393 412 805 4.143
4434 480 4914 5.523
6727 461 7188 6.165
6758 467 7225 5.376
8796 445 9241 4.555
9510 425 9935 5.306
6687 462 7149 4.408
10507 442 10949 6.210
6734 420 7154 5.963
1306 476 1782 16.205
6720 496 7216 6.553
6811 453 7264 5.787
6879 437 7316 6.179
22095 504 22599 9.407
1177 400 1577 3.804
6738 379 7117 4.015
1893 528 2421 5.088
6702 489 7191 6.606
6742 421 7163 4.167
3446 524 3970 6.770
12136 426 12562 4.635
417 405 822 4.696
398 445 843 4.291
17136 414 17550 6.200
11391 336 11727 4.088
513 438 951 3.701
597 508 1105 4.572
711 380 1091 3.978
6711 321 7032 3.624
6856 535 7391 5.198
6708 495 7203 5.902
9302 310 9612 4.321
9522 533 10055 6.208
434 387 821 3.847
41874 513 42387 9.449
42275 497 42772 10.319
17868 367 18235 4.472
2070 434 2504 4.789
7625 462 8087 6.245
3269 462 3731 5.995
640 362 1002 3.364
650 443 1093 3.762
20515 367 20882 4.728
6975 382 7357 3.799
417 400 817 4.046
6809 501 7310 5.459
3615 517 4132 5.203
3907 525 4432 5.809
8989 475 9464 5.523
408 465 873 4.868
490 437 927 4.673
574 452 1026 4.047
5438 387 5825 6.125
6720 507 7227 7.567
6862 493 7355 6.042
10113 356 10469 4.060
59750 360 60110 7.851
516 395 911 4.221
610 441 1051 6.466
6929 507 7436 7.277
8942 418 9360 5.001
7310 423 7733 6.050
8642 416 9058 6.078
417 471 888 5.221
17350 471 17821 6.583
7947 431 8378 5.732
431 392 823 4.030
8796 469 9265 6.557
11529 393 11922 5.212
404 409 813 5.341
567 411 978 4.329
6858 438 7296 4.684
6928 447 7375 4.263
387 466 853 4.847
441 376 817 4.034
785 457 1242 4.351
817 506 1323 4.781
7549 513 8062 7.328
387 424 811 5.093
10466 485 10951 7.759
429 397 826 5.278
762 561 1323 6.464
411 570 981 5.983
639 488 1127 4.815
7311 351 7662 4.051
6779 383 7162 7.365
4894 512 5406 6.656
7913 457 8370 6.503
393 353 746 3.771
423 376 799 4.710
1369 484 1853 4.153
6938 387 7325 4.492
937 526 1463 5.580
531 403 934 3.782
10361 514 10875 5.852
411 543 954 5.442
1394 467 1861 5.903
6715 452 7167 5.128
404 452 856 5.810
6907 541 7448 6.100
17141 303 17444 4.482
9303 496 9799 5.169
752 485 1237 4.393
434 436 870 4.480
908 398 1306 4.707
6723 454 7177 4.788
37675 322 37997 8.381
436 384 820 4.750
701 369 1070 4.363
8745 506 9251 5.713
8836 394 9230 4.427
417 412 829 4.180
637 621 1258 5.784
557 348 905 3.736
392 462 854 7.100
5700 374 6074 4.866
8936 419 9355 4.665
5694 528 6222 5.836
6003 486 6489 5.574
5700 588 6288 7.165
5694 388 6082 5.384
5700 332 6032 4.848
701 389 1090 4.183
690 381 1071 3.669
957 337 1294 3.166
5694 360 6054 7.124
5728 361 6089 3.556
5700 451 6151 4.728
5700 386 6086 5.353
2857 432 3289 4.258
646 349 995 4.372
827 384 1211 4.181
2218 519 2737 4.915
2366 360 2726 3.941
3398 491 3889 5.229
771 469 1240 4.663
1241 503 1744 4.826
1842 491 2333 5.074
620 463 1083 4.574
1269 532 1801 4.639
1804 446 2250 4.971
422 477 899 4.787
58585 628 59213 12.779
13151 350 13501 5.551
1298 583 1881 5.698
417 441 858 4.764
1827 426 2253 4.936
10379 444 10823 7.311
434 462 896 4.804
405 375 780 4.356
568 469 1037 5.027
1795 530 2325 5.754
423 448 871 4.563
452 356 808 3.774
2269 536 2805 6.728
1695 738 2433 7.022
3809 406 4215 5.601
801 446 1247 4.514
3148 518 3666 6.582
1770 491 2261 5.081
2399 615 3014 6.130
6613 536 7149 5.699
6643 522 7165 6.835
1287 596 1883 5.804
1822 462 2284 4.662
1904 428 2332 4.680
1932 529 2461 5.713
59768 522 60290 14.881
11409 489 11898 8.112
22113 468 22581 6.093
2066 436 2502 4.697
1631 621 2252 5.530
2166 674 2840 6.193
3149 680 3829 6.203
759 469 1228 5.247
928 554 1482 5.780
1027 389 1416 4.350
3558 658 4216 8.071
519 585 1104 5.687
2278 697 2975 8.310
2919 669 3588 7.475
2684 530 3214 6.635
4594 610 5204 5.851
4729 541 5270 5.170
1447 395 1842 4.365
10525 449 10974 5.938
14898 592 15490 7.078
1911 446 2357 5.215
789 560 1349 5.582
1178 692 1870 6.536
1277 546 1823 5.118
2309 399 2708 4.418
2951 497 3448 5.454
3407 432 3839 4.898
423 419 842 4.479
4197 371 4568 3.896
5603 463 6066 6.326
429 538 967 5.443
682 419 1101 4.950
1781 585 2366 5.133
2236 527 2763 4.780
1022 389 1411 4.562
423 493 916 4.858
988 493 1481 4.151
588 435 1023 5.465
600 474 1074 5.466
951 467 1418 5.494
424 407 831 4.179
3609 601 4210 5.269
3901 527 4428 5.933
4059 405 4464 4.546
4666 458 5124 5.155
10355 454 10809 5.911
37669 498 38167 8.277
1231 438 1669 5.358
28749 521 29270 7.579
398 484 882 5.023
3653 372 4025 4.110
58561 408 58969 13.075
4562 439 5001 4.645
18678 485 19163 5.554
398 390 788 4.202
478 359 837 4.114
4937 494 5431 6.132
5134 491 5625 5.192
3762 434 4196 4.631
8412 448 8860 5.170
3603 454 4057 5.433
3698 501 4199 4.987
951 440 1391 4.524
3632 393 4025 4.079
4780 418 5198 4.580
1887 434 2321 4.432
8936 362 9298 4.649
4073 368 4441 5.086
3945 449 4394 4.550
24209 449 24658 5.937
393 452 845 5.111
607 486 1093 5.239
381 401 782 4.436
2110 487 2597 6.455
398 458 856 4.849
3883 497 4380 6.184
59744 497 60241 11.321
3124 631 3755 6.075
381 410 791 4.807
3603 565 4168 5.987
3728 411 4139 5.384
3603 433 4036 4.616
3699 478 4177 4.867
11385 379 11764 4.722
3609 399 4008 5.316
3722 444 4166 4.101
570 406 976 4.825
4499 512 5011 5.096
596 419 1015 6.562
1097 546 1643 5.501
1785 489 2274 6.178
3651 522 4173 5.697
968 430 1398 4.388
534 421 955 4.655
823 409 1232 4.299
3413 448 3861 4.844
813 414 1227 4.441
841 379 1220 4.221
447 459 906 5.006
789 401 1190 4.121
529 444 973 4.635
822 334 1156 3.738
41874 432 42306 11.307
42363 360 42723 8.043
399 428 827 4.434
1524 441 1965 5.086
1559 433 1992 4.970
404 402 806 4.325
10113 412 10525 5.099
18684 436 19120 6.001
8942 425 9367 5.322
3609 489 4098 5.142
4079 420 4499 5.676
4097 355 4452 5.325
21048 480 21528 9.274
938 447 1385 4.230
404 432 836 4.434
3615 446 4061 6.195
3728 467 4195 6.154
387 418 805 4.360
8418 408 8826 6.349
546 465 1011 5.086
581 458 1039 6.980
28755 426 29181 6.749
4568 499 5067 5.331
4614 428 5042 5.733
3768 508 4276 6.693
557 471 1028 5.908
3609 533 4142 5.508
3734 441 4175 5.954
3659 327 3986 3.638
3609 459 4068 6.200
3705 440 4145 5.007
1893 479 2372 5.866
825 447 1272 4.936
801 380 1181 4.012
878 347 1225 3.571
625 376 1001 3.544
918 328 1246 3.462
59750 401 60151 10.786
404 322 726 3.758
484 349 833 4.653
37675 505 38180 12.712
38623 379 39002 6.905
39050 295 39345 9.040
3657 391 4048 4.443
4943 423 5366 5.593
5140 478 5618 5.139
671 468 1139 5.858
3615 411 4026 5.386
3907 386 4293 4.052
553 524 1077 5.709
590 470 1060 4.671
2399 405 2804 5.645
4672 371 5043 4.655
404 384 788 3.959
457 402 859 5.778
743 461 1204 5.711
3638 474 4112 4.899
575 432 1007 4.521
4505 350 4855 4.014
387 427 814 5.102
3951 420 4371 6.220
3889 386 4275 4.294
11962 392 12354 5.680
1369 424 1793 4.585
429 449 878 4.705
797 544 1341 5.214
827 499 1326 4.614
423 460 883 5.747
423 449 872 3.710
999 434 1433 4.380
1111 399 1510 4.449
557 395 952 4.353
1153 437 1590 4.540
1605 550 2155 5.296
689 378 1067 3.871
435 494 929 4.573
429 406 835 4.197
441 439 880 4.877
543 580 1123 5.527
709 419 1128 4.699
782 570 1352 5.698
417 454 871 4.892
904 466 1370 4.558
423 412 835 4.355
423 464 887 4.428
477 436 913 4.251
580 385 965 3.755
682 448 1130 4.562
733 375 1108 4.441
560 465 1025 6.229
1145 433 1578 4.107
441 444 885 4.494
481 456 937 4.386
411 421 832 3.833
469 338 807 3.963
537 454 991 4.663
423 352 775 3.891
491 421 912 5.488
644 506 1150 4.916
815 428 1243 4.314
630 396 1026 3.951
423 423 846 4.257
1093 404 1497 3.922
2644 535 3179 6.380
411 363 774 3.540
775 404 1179 4.220
41874 355 42229 10.673
423 439 862 4.514
655 428 1083 4.362
841 463 1304 4.637
3484 493 3977 5.245
3502 523 4025 6.342
693 299 992 3.760
404 404 808 4.047
484 327 811 3.597
2692 582 3274 6.372
4227 360 4587 4.378
411 454 865 10.985
442 413 855 4.874
461 456 917 4.043
511 426 937 4.370
28755 465 29220 7.298
404 483 887 5.026
457 418 875 5.634
405 365 770 3.717
466 456 922 4.576
517 419 936 4.723
550 418 968 5.715
582 345 927 3.580
59750 421 60171 10.521
387 384 771 4.570
453 461 914 5.546
544 504 1048 4.732
953 480 1433 4.545
495 423 918 4.527
684 421 1105 4.807
737 532 1269 5.572
980 422 1402 5.541
479 447 926 9.785
708 479 1187 4.796
458 479 937 4.647
637 406 1043 4.288
722 475 1197 5.157
1818 458 2276 6.071
1868 360 2228 4.038
22095 431 22526 7.839
429 404 833 4.177
494 422 916 4.162
404 450 854 4.875
454 417 871 4.396
417 369 786 7.250
514 308 822 2.753
662 413 1075 4.197
912 512 1424 4.930
1093 447 1540 4.658
2995 438 3433 4.666
37675 491 38166 8.440
37698 522 38220 10.663
39122 357 39479 6.279
2692 393 3085 5.216
3386 486 3872 5.336
387 429 816 4.929
751 519 1270 5.621
1210 422 1632 4.140
6830 535 7365 5.509
642 356 998 3.960
922 406 1328 4.645
811 533 1344 5.626
453 344 797 3.625
930 389 1319 4.111
2163 421 2584 4.523
5647 520 6167 7.548
533 400 933 4.549
628 452 1080 4.683
11397 560 11957 6.312
59756 449 60205 10.233
981 477 1458 4.645
5740 548 6288 7.287
1899 424 2323 4.613
393 512 905 5.737
4867 523 5390 6.336
3556 459 4015 5.940
58573 376 58949 9.100
516 459 975 4.360
773 393 1166 3.567
1128 441 1569 5.250
579 444 1023 4.222
676 481 1157 4.729
1377 565 1942 5.726
1238 502 1740 5.911
1280 433 1713 4.180
561 413 974 4.201
512 429 941 4.290
2644 428 3072 4.312
1132 450 1582 4.306
58567 413 58980 10.508
509 526 1035 5.309
1210 425 1635 3.907
690 468 1158 4.349
824 467 1291 5.178
1525 450 1975 4.244
709 456 1165 4.763
738 530 1268 4.761
3130 403 3533 4.317
686 346 1032 3.845
867 373 1240 3.741
387 355 742 4.287
1237 499 1736 4.655
59750 543 60293 15.102
10361 544 10905 6.399
13133 438 13571 4.751
399 441 840 4.326
1184 467 1651 5.936
1893 403 2296 4.194
411 399 810 4.208
2523 503 3026 4.794
380 402 782 4.289
563 486 1049 5.026
423 404 827 4.162
2054 491 2545 6.161
411 357 768 3.875
7963 350 8313 4.440
411 391 802 3.949
3250 423 3673 5.279
466 378 844 4.228
405 412 817 4.202
540 382 922 4.352
411 339 750 4.381
835 431 1266 3.835
401 377 778 3.961
460 345 805 5.083
924 451 1375 4.496
1303 422 1725 4.702
416 369 785 3.682
479 463 942 3.880
417 376 793 4.725
1146 413 1559 3.883
423 528 951 5.524
676 374 1050 4.045
1875 403 2278 4.051
715 455 1170 5.252
760 340 1100 3.852
8745 338 9083 4.426
5213 405 5618 4.614
417 391 808 3.894
667 491 1158 6.168
2638 497 3135 5.788
484 355 839 4.046
5213 387 5600 5.486
5688 308 5996 4.036
5583 522 6105 5.814
5249 366 5615 3.784
5249 446 5695 7.891
5373 420 5793 6.257
5311 429 5740 5.382
9110 484 9594 5.928
8243 434 8677 7.500
5237 437 5674 6.309
5424 450 5874 5.718
5259 402 5661 4.347
5322 364 5686 6.120
5422 372 5794 4.197
5577 445 6022 8.139
7658 401 8059 5.758
5231 454 5685 6.130
5289 353 5642 4.583
5327 410 5737 6.114
5263 391 5654 6.977
5301 405 5706 6.162
27615 420 28035 6.153
5354 436 5790 7.838
5213 506 5719 6.617
5503 476 5979 8.222
5661 399 6060 5.137
5237 455 5692 5.953
5329 398 5727 4.711
5688 408 6096 5.363
5402 438 5840 5.842
5252 464 5716 4.631
17123 328 17451 5.325
5255 403 5658 5.512
5359 428 5787 7.321
5255 475 5730 7.284
5690 384 6074 6.816
5249 438 5687 4.991
386 440 826 5.352
5261 468 5729 6.648
5688 444 6132 5.983
5231 431 5662 4.780
5598 473 6071 5.032
5719 457 6176 6.049
33377 433 33810 7.828
369 437 806 6.321
5838 475 6313 6.216
5682 390 6072 5.008
5699 345 6044 5.550
5283 521 5804 8.083
5920 319 6239 4.394
5668 386 6054 4.864
5225 415 5640 5.359
5308 476 5784 5.774
5243 383 5626 4.619
5259 470 5729 6.439
5243 384 5627 5.773
5276 365 5641 7.161
5320 350 5670 4.211
5634 489 6123 6.085
11511 482 11993 5.984
5289 385 5674 5.049
5285 347 5632 3.831
22077 374 22451 6.179
5219 475 5694 7.764
399 477 876 4.786
5688 505 6193 6.574
17332 379 17711 6.261
5234 400 5634 7.571
5331 378 5709 5.084
5545 418 5963 5.561
5688 358 6046 3.962
5204 384 5588 5.406
5240 544 5784 6.433
5701 422 6123 8.915
5231 417 5648 4.710
5243 531 5774 6.763
5390 469 5859 5.152
5237 480 5717 7.285
7876 347 8223 5.732
5294 419 5713 5.587
10333 370 10703 5.228
11377 351 11728 4.776
15127 441 15568 7.445
5682 385 6067 7.681
5991 408 6399 5.271
405 476 881 4.844
5434 325 5759 4.651
5243 491 5734 5.793
5220 350 5570 4.966
7998 367 8365 5.300
5213 316 5529 4.844
5238 336 5574 4.394
5318 409 5727 5.607
5765 424 6189 5.930
5231 433 5664 7.201
5958 341 6299 4.898
5237 413 5650 4.967
5304 463 5767 6.784
5414 461 5875 9.251
5234 322 5556 6.265
5249 407 5656 4.780
5531 416 5947 4.668
5237 484 5721 5.923
5231 417 5648 5.977
6053 439 6492 6.519
6629 406 7035 5.488
5231 507 5738 5.245
5384 438 5822 6.341
5561 471 6032 5.602
5327 378 5705 8.601
5374 329 5703 4.205
7929 406 8335 5.882
11944 454 12398 5.645
8425 419 8844 5.582
5682 415 6097 5.981
5716 422 6138 8.028
405 427 832 11.294
